6 0.4986979166666667 0.1474609375 0.9973958333333334 0.28955078125
5 0.4977213541666667 0.4775390625 0.9954427083333334 0.34423828125
4 0.4977213541666667 0.828857421875 0.9954427083333334 0.3349609375
0 0.3772786458333333 0.04296875 0.018229166666666668 0.013671875
0 0.24348958333333334 0.034912109375 0.024088541666666668 0.01220703125
2 0.4134114583333333 0.2607421875 0.030598958333333332 0.017578125
2 0.3037109375 0.25732421875 0.032552083333333336 0.0146484375
2 0.5771484375 0.419921875 0.030598958333333332 0.01220703125
2 0.5078125 0.421630859375 0.029296875 0.01708984375
0 0.0791015625 0.865234375 0.025390625 0.00830078125
2 0.09798177083333333 0.786376953125 0.022786458333333332 0.0107421875