6 0.5013020833333334 0.1474609375 0.9973958333333334 0.28955078125
5 0.5022786458333334 0.4775390625 0.9954427083333334 0.34423828125
4 0.5022786458333334 0.828857421875 0.9954427083333334 0.3349609375
0 0.6227213541666666 0.04296875 0.018229166666666668 0.013671875
0 0.7565104166666666 0.034912109375 0.024088541666666668 0.01220703125
2 0.5865885416666666 0.2607421875 0.030598958333333332 0.017578125
2 0.6962890625 0.25732421875 0.032552083333333336 0.0146484375
2 0.4228515625 0.419921875 0.030598958333333332 0.01220703125
2 0.4921875 0.421630859375 0.029296875 0.01708984375
0 0.9208984375 0.865234375 0.025390625 0.00830078125
2 0.9020182291666666 0.786376953125 0.022786458333333332 0.0107421875