6 0.5006510416666666 0.162841796875 0.9986979166666666 0.3173828125
5 0.5022786458333334 0.48876953125 0.9954427083333334 0.3212890625
4 0.5006510416666666 0.778564453125 0.9986979166666666 0.25
0 0.6497395833333334 0.1796875 0.017578125 0.0078125
0 0.13248697916666666 0.286376953125 0.012369791666666666 0.0146484375
3 0.3707682291666667 0.286376953125 0.006510416666666667 0.0146484375
3 0.4720052083333333 0.29296875 0.018229166666666668 0.00634765625
3 0.5546875 0.294921875 0.015625 0.005859375
2 0.3795572916666667 0.513427734375 0.020182291666666668 0.0078125
2 0.4554036458333333 0.51513671875 0.01953125 0.00732421875
2 0.533203125 0.507080078125 0.022135416666666668 0.0087890625
2 0.611328125 0.5166015625 0.024088541666666668 0.0078125
0 0.3740234375 0.587890625 0.020833333333333332 0.0087890625
0 0.3518880208333333 0.57763671875 0.018229166666666668 0.0078125
0 0.5400390625 0.592041015625 0.022135416666666668 0.0078125
0 0.6184895833333334 0.570556640625 0.024088541666666668 0.00732421875
0 0.5104166666666666 0.740966796875 0.024739583333333332 0.009765625
0 0.6116536458333334 0.730224609375 0.024739583333333332 0.00927734375
1 0.4225260416666667 0.74072265625 0.024088541666666668 0.0087890625
1 0.3297526041666667 0.726806640625 0.01953125 0.009765625
2 0.23990885416666666 0.7392578125 0.020833333333333332 0.00830078125
0 0.2679036458333333 0.8349609375 0.020182291666666668 0.00634765625
0 0.3388671875 0.8271484375 0.020833333333333332 0.00830078125